24
31
20
30
16
"0100
0101
0102
0103
0104
0105
0106
0107
0108
0109
0200
0201
0202
0203
0204
0205
0206
0207
0208
0209
0300
0301
0302
0303
0304
0305
0306
0307
0308
0309
0400
0401
0402
0403
0404
0405
0406
0407
0408
0409
0500
0501
0502
0503
0504
0505
0506
0507
0508
0509
0600
0601
0602
0603
0604
0605
0606
0607
0608
0609
0700
0701
0702
0703
0704
0705
0706
0707
0708
0709
0800
0801
0802
0803
0804
0805
0806
0807
0808
0809
0900
0901
0902
0903
0904
0905
0906
0907
0908
0909
0111
0112
0113
0114
0115
0116
0117
0211
0212
0213
0214
0215
0216
0217
0311
0312
0313
0314
0315
0316
0317
0411
0412
0413
0414
0415
0416
0417
0511
0512
0513
0514
0515
0516
0517
0611
0612
0613
0614
0615
0616
0617
0711
0712
0713
0714
0715
0716
0717
0811
0812
0813
0814
0815
0816
0817
0911
0912
0913
0914
0915
0916
0917
1100
1101
1102
1103
1104
1105
1106
1107
1108
1109
1200
1201
1202
1203
1204
1205
1206
1207
1208
1209
1111
1112
1113
1114
1115
1116
1117
1211
1212
1213
1214
1215
1216
1217"
1976
1980
2000
2001
2002
2003
2004
2005
2006
2007
2008
2009
2010
2011
2012
2013
2014
2015
2016
2017
1888
8686
888666
12345
678
9
8338
2015A
0314
C1
333888
24
31
20
30
16
0576
1080